29.940     51065
29.780      1432
29.800      2535
29.820      5205
29.840      9648
29.860     16145
29.880     23004
29.900     31802
29.920     40776
29.960     60873
29.980     73607
30.000    112993
30.020    161378
30.040    162390
30.060    129892
30.080    108667
30.100    108568
30.120    123073
30.140    132950
30.160    130402
30.180    122703
30.200    117403
30.220    109718
30.240    103095
30.260    100894
30.280     98022
30.300     95368
30.320     95173
30.340     96772
30.360     97290
30.380     97168
30.400     98335
30.420    102010
30.440    106962
30.460    110208
30.480    112538
30.500    115452
30.520    118065
30.540    121227
30.560    121222
30.580    110815
30.600     91229
30.620     70088
30.640     64262
30.660     84765
30.680    126678
30.700    186360
30.720    223035
30.740    186643
30.760    134500
30.780    117725
30.800    111395
30.820    106540
30.840    101043
30.860     93450
30.880     86881
30.900     83692
30.920     80515
30.940     78028
30.960     74708
30.980     70595
31.000     66844
31.020     62103
31.040     58420
31.060     54897
31.080     51441
31.100     47585
31.120     43730
31.140     40377
31.160     36818
31.180     32888
31.200     29319
31.220     25473
31.240     21006
31.260     16715
31.280     12528
31.300      8914
31.320      6413
31.340      4843
31.360      3845
31.380      3390
31.400      3179
31.420      2898
31.440      2728
31.460      2582
31.480      2397
31.500      2260
31.520      2088
31.540      1908
31.560      1803
31.580      1677
31.600      1532
31.620      1372
31.640      1240
31.660      1183
31.680      1042
31.700       907
31.720       835
31.740       743
31.760       660
31.780       572
31.800       524
31.820       454
31.840       367
31.860       350
31.880       298
31.900       237
31.920       218
31.940       195
31.960       173
31.980       170
32.000       165
32.020       150
32.040       148
32.060       142
32.080       135
32.100       145
32.120       143
32.140       132
32.160       119
32.180       123
32.200       132
32.220       119
32.240       114
32.260       118
32.280       110
32.300       120
32.320       117
32.340       102
32.360       113
32.380       114
32.400       112
32.420       118
32.440       118
32.460       113
32.480       108
32.500       110
32.520       100
32.540        96
32.560       105
32.580       105
32.600        98
32.620        93
32.640        92
32.660       100
32.680        94
32.700        90
32.720       102
32.740       113
32.760       107
32.780        97
32.800        96
32.820        87
32.840        85
32.860        83
32.880        81
32.900        92
32.920        94
32.940        91
32.960        88
32.980        85
33.000        90
33.020       100
33.040        83
33.060        75
33.080        87
33.100        87
33.120        82
33.140        79
33.160        92
33.180        75
33.200        70
33.220        82
33.240        78
33.260        77
33.280        78
33.300        75
33.320        70
33.340        82
33.360        78
33.380        75
33.400        87
33.420        85
33.440        73
33.460        73
33.480        80
33.500        72
33.520        68
33.540        68
33.560        75
33.580        78
33.600        76
33.620        77
33.640        75
33.660        75
33.680        78
33.700        78
33.720        68
33.740        71
33.760        72
33.780        68
33.800        70
33.820        67
33.840        66
33.860        75
33.880        74
33.900        65
33.920        63
33.940        70
33.960        68
33.980        62
34.000        65
34.020        69
34.040        68
34.060        63
34.080        63
34.100        75
34.120        75
34.140        70
34.160        70
34.180        65
34.200        65
34.220        77
34.240        75
34.260        67
34.280        63
34.300        63
34.320        65
34.340        65
34.360        66
34.380        63
34.400        63
34.420        68
34.440        70
34.460        65
34.480        68
34.500        70
34.520        71
34.540        80
34.560        79
34.580        69
34.600        68
34.620        72
34.640        70
34.660        72
34.680        73
34.700        69
34.720        69
34.740        78
34.760        81
34.780        68
34.800        55
34.820        63
34.840        72
34.860        67
34.880        65
34.900        70
34.920        61
34.940        60
34.960        72
34.980        68
35.000        67
35.020        75
35.040        82
35.060        75
35.080        68
35.100        65
35.120        57
35.140        66
35.160        72
35.180        64
35.200        62
35.220        67
35.240        71
35.260        74
35.280        80
35.300        87
35.320        80
35.340        63
35.360        61
35.380        71
35.400        70
35.420        68
35.440        75
35.460        83
35.480        83
35.500        72
35.520        64
35.540        65
35.560        68
35.580        72
35.600        77
35.620        75
35.640        79
35.660        75
35.680        82
35.700        84
35.720        72
35.740        74
35.760        78
35.780        77
35.800        83
35.820        82
35.840        74
35.860        80
35.880        73
35.900        78
35.920        85
35.940        78
35.960        78
35.980        77
36.000        81
36.020        86
36.040        88
36.060        88
36.080        88
36.100        75
36.120        76
36.140        83
36.160        83
36.180        83
36.200        85
36.220        82
36.240        80
36.260        83
36.280        82
36.300        82
36.320        83
36.340        85
36.360        92
36.380        85
36.400        81
36.420        83
36.440        87
36.460        88
36.480        90
36.500        90
36.520        87
36.540        88
36.560        98
36.580       100
36.600        98
36.620        92
36.640        85
36.660        94
36.680       106
36.700       107
36.720        98
36.740       103
36.760       103
36.780        95
36.800       103
36.820       104
36.840       105
36.860       102
36.880        90
36.900        93
36.920        98
36.940       107
36.960       115
36.980       113
37.000       112
37.020       105
37.040        98
37.060       100
37.080       100
37.100       102
37.120       108
37.140       105
37.160       112
37.180       117
37.200       117
37.220       113
37.240       111
37.260       123
37.280       118
37.300       114
37.320       113
37.340       110
37.360       117
37.380       115
37.400       108
37.420       114
37.440       118
37.460       125
37.480       127
37.500       121
37.520       122
37.540       114
37.560       106
37.580       118
37.600       120
37.620       113
37.640       127
37.660       138
37.680       145
37.700       148
37.720       137
37.740       128
37.760       133
37.780       144
37.800       148
37.820       154
37.840       153
37.860       145
37.880       135
37.900       144
37.920       160
37.940       161
37.960       164
37.980       158
38.000       161
38.020       155
38.040       148
38.060       148
38.080       142
38.100       160
38.120       178
38.140       177
38.160       167
38.180       168
38.200       173
38.220       162
38.240       167
38.260       177
38.280       167
38.300       164
38.320       188
38.340       200
38.360       189
38.380       186
38.400       195
38.420       205
38.440       198
38.460       183
38.480       188
38.500       212
38.520       219
38.540       202
38.560       212
38.580       223
38.600       204
38.620       215
38.640       237
38.660       234
38.680       235
38.700       235
38.720       233
38.740       240
38.760       242
38.780       255
38.800       260
38.820       247
38.840       246
38.860       262
38.880       282
38.900       288
38.920       285
38.940       283
38.960       271
38.980       284
39.000       297
39.020       297
39.040       323
39.060       333
39.080       330
39.100       343
39.120       338
39.140       342
39.160       355
39.180       368
39.200       375
39.220       363
39.240       388
39.260       400
39.280       377
39.300       378
39.320       410
39.340       427
39.360       430
39.380       433
39.400       452
39.420       455
39.440       448
39.460       475
39.480       502
39.500       505
39.520       499
39.540       506
39.560       523
39.580       545
39.600       525
39.620       527
39.640       570
39.660       582
39.680       597
39.700       598
39.720       609
39.740       619
39.760       634
39.780       678
39.800       663
39.820       651
39.840       686
39.860       704
39.880       703
39.900       692
39.920       695
39.940       710
39.960       743
39.980       763
40.000       766
40.020       768
40.040       788
40.060       828
40.080       834
40.100       842
40.120       820
40.140       813
40.160       822
40.180       828
40.200       828
40.220       795
40.240       807
40.260       851
40.280       858
40.300       839
40.320       823
40.340       814
40.360       830
40.380       833
40.400       817
40.420       833
40.440       842
40.460       813
40.480       858
40.500       856
40.520       803
40.540       800
40.560       798
40.580       808
40.600       775
40.620       725
40.640       758
40.660       790
40.680       790
40.700       738
40.720       680
40.740       662
40.760       663
40.780       655
40.800       623
40.820       620
40.840       630
40.860       607
40.880       580
40.900       582
40.920       558
40.940       587
40.960       603
40.980       548
41.000       517
41.020       508
41.040       520
41.060       538
41.080       505
41.100       481
41.120       488
41.140       475
41.160       470
41.180       473
41.200       460
41.220       439
41.240       430
41.260       433
41.280       432
41.300       408
41.320       386
41.340       396
41.360       382
41.380       367
41.400       368
41.420       360
41.440       359
41.460       342
41.480       330
41.500       335
41.520       338
41.540       346
41.560       335
41.580       305
41.600       287
41.620       292
41.640       292
41.660       299
41.680       303
41.700       299
41.720       314
41.740       302
41.760       283
41.780       293
41.800       298
41.820       270
41.840       261
41.860       263
41.880       265
41.900       272
41.920       258
41.940       259
41.960       262
41.980       265
42.000       269
42.020       255
42.040       250
42.060       248
42.080       247
42.100       240
42.120       238
42.140       226
42.160       225
42.180       241
42.200       228
42.220       235
42.240       238
42.260       236
42.280       230
42.300       227
42.320       216
42.340       194
42.360       208
42.380       207
42.400       207
42.420       224
42.440       223
42.460       218
42.480       216
42.500       203
42.520       194
42.540       198
42.560       202
42.580       203
42.600       207
42.620       203
42.640       188
42.660       188
42.680       195
42.700       185
42.720       179
42.740       187
42.760       193
42.780       178
42.800       172
42.820       170
42.840       173
42.860       173
42.880       159
42.900       158
42.920       173
42.940       184
42.960       185
42.980       178
43.000       170
43.020       168
43.040       167
43.060       173
43.080       176
43.100       168
43.120       163
43.140       154
43.160       151
43.180       157
43.200       153
43.220       157
43.240       170
43.260       168
43.280       154
43.300       145
43.320       158
43.340       173
43.360       163
43.380       147
43.400       143
43.420       140
43.440       135
43.460       143
43.480       155
43.500       162
43.520       162
43.540       162
43.560       158
43.580       143
43.600       147
43.620       153
43.640       152
43.660       145
43.680       137
43.700       137
43.720       138
43.740       137
43.760       130
43.780       122
43.800       123
43.820       139
43.840       147
43.860       145
43.880       138
43.900       130
43.920       133
43.940       128
43.960       136
43.980       142
44.000       135
44.020       131
44.040       133
44.060       137
44.080       133
44.100       132
44.120       138
44.140       135
44.160       129
44.180       137
44.200       151
44.220       146
44.240       130
44.260       136
44.280       138
44.300       133
44.320       133
44.340       138
44.360       140
44.380       122
44.400       107
44.420       126
44.440       138
44.460       133
44.480       135
44.500       144
44.520       142
44.540       130
44.560       123
44.580       128
44.600       127
44.620       127
44.640       135
44.660       133
44.680       130
44.700       130
44.720       125
44.740       131
44.760       132
44.780       125
44.800       128
44.820       130
44.840       131
44.860       128
44.880       120
44.900       120
44.920       121
44.940       124
44.960       125
44.980       123
45.000       125
45.020       112
45.040       105
45.060       112
45.080       110
45.100       113
45.120       110
45.140       112
45.160       119
45.180       118
45.200       125
45.220       123
45.240       113
45.260       108
45.280       118
45.300       114
45.320       105
45.340       110
45.360       128
45.380       133
45.400       125
45.420       115
45.440       115
45.460       118
45.480       115
45.500       122
45.520       123
45.540       113
45.560       110
45.580       117
45.600       115
45.620       110
45.640       106
45.660       107
45.680       113
45.700       118
45.720       122
45.740       125
45.760       126
45.780       113
45.800       111
45.820       118
45.840       117
45.860       115
45.880       105
45.900       115
45.920       130
45.940       124
45.960       123
45.980       112
46.000       105
46.020       115
46.040       113
46.060       118
46.080       121
46.100       114
46.120       115
46.140       109
46.160       107
46.180       109
46.200       103
46.220       100
46.240       107
46.260       113
46.280       111
46.300       108
46.320       106
46.340       105
46.360       108
46.380       113
46.400       122
46.420       125
46.440       125
46.460       115
46.480       112
46.500       110
46.520       115
46.540       123
46.560       113
46.580       115
46.600       124
46.620       125
46.640       118
46.660       123
46.680       127
46.700       118
46.720       110
46.740       107
46.760       110
46.780       122
46.800       120
46.820       104
46.840       110
46.860       110
46.880       102
46.900       105
46.920       109
46.940       108
46.960       113
46.980       122
47.000       118
47.020       118
47.040       113
47.060       105
47.080       111
47.100       114
47.120       112
47.140       115
47.160       108
47.180       113
47.200       118
47.220       105
47.240       117
47.260       118
47.280       100
47.300       103
47.320       112
47.340       116
47.360       108
47.380       103
47.400       108
47.420       117
47.440       120
47.460       127
47.480       117
47.500       107
47.520       120
47.540       112
47.560       108
47.580       121
47.600       123
47.620       115
47.640       107
47.660       113
47.680       122
47.700       128
47.720       113
47.740       112
47.760       117
47.780       115
47.800       115
47.820       112
47.840       122
47.860       123
47.880       113
47.900       117
47.920       120
47.940       116
47.960       117
47.980       120
48.000       118
48.020       113
48.040       118
48.060       121
48.080       117
48.100       118
48.120       128
48.140       117
48.160       110
48.180       114
48.200       119
48.220       117
48.240       103
48.260       108
48.280       115
48.300       110
48.320       111
48.340       120
48.360       117
48.380       115
48.400       118
48.420       109
48.440       117
48.460       123
48.480       125
48.500       117
48.520       108
48.540       120
48.560       123
48.580       116
48.600       127
48.620       138
48.640       117
48.660       127
48.680       143
48.700       132
48.720       115
48.740       107
48.760       123
48.780       130
48.800       122
48.820       131
48.840       133
48.860       120
48.880       111
48.900       111
48.920       117
48.940       115
48.960       117
48.980       117
49.000       128
49.020       123
49.040       112
49.060       123
49.080       128
49.100       125
49.120       120
49.140       120
49.160       117
49.180       120
49.200       131
49.220       128
49.240       123
49.260       115
49.280       123
49.300       128
49.320       123
49.340       128
49.360       126
49.380       118
49.400       113
49.420       114
49.440       123
49.460       129
49.480       127
49.500       120
49.520       128
49.540       132
49.560       125
49.580       123
49.600       120
49.620       128
49.640       125
49.660       117
49.680       127
49.700       130
49.720       130
49.740       135
49.760       130
49.780       125
49.800       136
49.820       135
49.840       128
49.860       123
49.880       112
49.900       114
49.920       125
49.940       140
49.960       140
49.980       125
50.000       123
50.020       120
50.040       120
50.060       122
50.080       122
50.100       133
50.120       132
50.140       123
50.160       130
50.180       135
50.200       137
50.220       137
50.240       127
50.260       125
50.280       124
50.300       123
50.320       137
50.340       129
50.360       120
50.380       120
50.400       123
50.420       123
50.440       123
50.460       130
50.480       138
50.500       137
50.520       137
50.540       138
50.560       123
50.580       115
50.600       125
50.620       123
50.640       117
50.660       122
50.680       124
50.700       128
50.720       128
50.740       118
50.760       118
50.780       127
50.800       126
50.820       115
50.840       122
50.860       127
50.880       112
50.900       112
50.920       117
50.940       113
50.960       112
50.980       126
51.000       140
51.020       130
51.040       133
51.060       135
51.080       124
51.100       122
51.120       127
51.140       133
51.160       127
51.180       122
51.200       122
51.220       123
51.240       133
51.260       127
51.280       107
51.300       110
51.320       113
51.340       113
51.360       118
51.380       118
51.400       115
51.420       113
51.440       117
51.460       120
51.480       124
51.500       119
51.520       115
51.540       123
51.560       128
51.580       130
51.600       127
51.620       125
51.640       124
51.660       113
51.680       102
51.700       100
51.720       109
51.740       113
51.760       105
51.780       103
51.800       110
51.820       117
51.840       113
51.860       103
51.880       102
51.900       107
51.920       114
51.940       122
51.960       120
51.980       113
52.000       117
52.020       119
52.040       113
52.060       113
52.080       113
52.100       113
52.120       113
52.140       122
52.160       118
52.180       107
52.200       107
52.220        98
52.240        98
52.260       103
52.280       105
52.300       110
52.320       113
52.340       108
52.360       107
52.380       111
52.400       112
52.420       105
52.440        99
52.460        97
52.480        97
52.500        99
52.520       102
52.540       102
52.560        97
52.580        84
52.600        98
52.620       110
52.640       107
52.660       110
52.680       107
52.700       100
52.720        98
52.740        98
52.760        98
52.780        95
52.800        93
52.820       103
52.840       103
52.860        88
52.880        89
52.900        88
52.920        79
52.940        88
52.960       100
52.980       100
53.000        85
53.020        80
53.040        97
53.060       100
53.080        97
53.100        93
53.120        88
53.140        95
53.160        97
53.180        95
53.200        92
53.220        86
53.240        92
53.260        90
53.280        83
53.300        85
53.320        91
53.340        95
53.360        97
53.380        90
53.400        77
53.420        86
53.440       100
53.460        98
53.480        93
53.500        93
53.520        87
53.540        86
53.560        95
53.580        87
53.600        81
53.620        78
53.640        77
53.660        85
53.680        90
53.700        92
53.720        84
53.740        88
53.760        93
53.780        83
53.800        78
53.820        84
53.840        88
53.860        95
53.880        93
53.900        90
53.920        90
53.940        84
53.960        85
53.980        87
54.000        89
54.020        83
54.040        80
54.060        84
54.080        89
54.100        85
54.120        80
54.140        72
54.160        76
54.180        75
54.200        78
54.220        85
54.240        82
54.260        85
54.280        78
54.300        83
54.320        87
54.340        83
54.360        88
54.380        84
54.400        75
54.420        70
54.440        74
54.460        84
54.480        87
54.500        91
54.520        89
54.540        78
54.560        78
54.580        80
54.600        79
54.620        80
54.640        75
54.660        73
54.680        80
54.700        75
54.720        77
54.740        85
54.760        83
54.780        88
54.800        83
54.820        75
54.840        85
54.860        82
54.880        75
54.900        82
54.920        83
54.940        74
54.960        73
54.980        82
55.000        80
55.020        78
55.040        74
55.060        77
55.080        76
55.100        70
55.120        75
55.140        88
55.160        98
55.180        88
55.200        78
55.220        72
55.240        70
55.260        75
55.280        72
55.300        68
55.320        68
55.340        72
55.360        68
55.380        78
55.400        82
55.420        72
55.440        68
55.460        64
55.480        77
55.500        88
55.520        81
55.540        72
55.560        72
55.580        74
55.600        77
55.620        80
55.640        71
55.660        66
55.680        78
55.700        78
55.720        76
55.740        75
55.760        76
55.780        78
55.800        77
55.820        76
55.840        70
55.860        70
55.880        80
55.900        77
55.920        68
55.940        74
55.960        70
55.980        65
56.000        73
56.020        68
56.040        63
56.060        73
56.080        78
56.100        72
56.120        73
56.140        76
56.160        73
56.180        71
56.200        68
56.220        65
56.240        70
56.260        78
56.280        82
56.300        83
56.320        77
56.340        83
56.360        93
56.380        82
56.400        74
56.420        68
56.440        67
56.460        78
56.480        83
56.500        69
56.520        60
56.540        73
56.560        82
56.580        72
56.600        67
56.620        72
56.640        72
56.660        69
56.680        67
56.700        67
56.720        67
56.740        64
56.760        63
56.780        67
56.800        65
56.820        64
56.840        67
56.860        67
56.880        63
56.900        62
56.920        65
56.940        65
56.960        63
56.980        72
57.000        70
57.020        67
57.040        67
57.060        65
57.080        68
57.100        64
57.120        58
57.140        61
57.160        61
57.180        58
57.200        63
57.220        65
57.240        64
57.260        68
57.280        68
57.300        60
57.320        58
57.340        63
57.360        72
57.380        73
57.400        62
57.420        57
57.440        63
57.460        63
57.480        58
57.500        60
57.520        62
57.540        62
57.560        63
57.580        63
57.600        63
57.620        65
57.640        67
57.660        62
57.680        58
57.700        56
57.720        58
57.740        59
57.760        64
57.780        62
57.800        62
57.820        67
57.840        64
57.860        67
57.880        62
57.900        65
57.920        63
57.940        56
57.960        59
57.980        62
58.000        62
58.020        62
58.040        63
58.060        54
58.080        52
58.100        60
58.120        63
58.140        62
58.160        60
58.180        54
58.200        55
58.220        65
58.240        61
58.260        55
58.280        57
58.300        52
58.320        55
58.340        69
58.360        67
58.380        58
58.400        56
58.420        58
58.440        61
58.460        58
58.480        70
58.500        75
58.520        63
58.540        62
58.560        58
58.580        58
58.600        55
58.620        52
58.640        58
58.660        58
58.680        60
58.700        69
58.720        69
58.740        68
58.760        63
58.780        62
58.800        68
58.820        68
58.840        62
58.860        53
58.880        50
58.900        48
58.920        58
58.940        58
58.960        52
58.980        56
59.000        60
59.020        60
59.040        51
59.060        52
59.080        58
59.100        59
59.120        60
59.140        55
59.160        57
59.180        67
59.200        64
59.220        58
59.240        62
59.260        58
59.280        57
59.300        65
59.320        60
59.340        55
59.360        55
59.380        54
59.400        55
59.420        57
59.440        57
59.460        63
59.480        58
59.500        50
59.520        53
59.540        56
59.560        62
59.580        58
59.600        57
59.620        61
59.640        58
59.660        53
59.680        54
59.700        57
59.720        58
59.740        60
59.760        58
59.780        59
59.800        60
59.820        59
59.840        59
59.860        61
59.880        58
59.900        50
59.920        49
59.940        49
59.960        52
59.980        55
60.000        57
